15,13
-1,-1,-1,-1,-1, 7,-1,-1,-1,-1,-1,-1,-1
 1, 0, 0, 0, 0, 0, 0,-1,-1,-1,-1,-1,-1
-1,-1,-1,-1,-1, 0,-1,-1,-1,-1,-1,-1,-1
-1, 2, 0, 0, 0, 0, 0, 0, 0, 0, 0,-1,-1
-1,-1,-1,-1,-1, 0,-1,-1,-1,-1,-1,-1,-1
-1,-1,-1, 3, 0, 0, 0, 0, 0, 0, 0, 0,-1
-1,-1,-1,-1,-1, 0,-1,-1,-1,-1,-1,-1, 8
-1,-1,-1,-1,-1, 0,-1,-1,-1,-1,-1,-1, 0
 4, 0, 0, 0, 0, 0, 0, 0, 0, 9,-1,-1, 0
-1,-1,-1,-1,-1, 0,-1,-1,-1, 0,-1,-1, 0
-1,10,-1, 5, 0, 0, 0, 0, 0, 0, 0, 0, 0
-1, 0,-1,-1,-1, 0,-1,-1,-1, 0,-1,-1, 0
-1, 0,-1,-1,-1, 0,-1,-1,-1, 0,-1,-1, 0
-1, 0,-1,-1,-1,-1,-1,-1,-1, 0,-1,-1, 0
 6, 0, 0, 0, 0, 0, 0, 0, 0, 0,-1,-1, 0